-1 -1 -1 -1
-1 -1 -1 -1
-1 -1 -1 -1
-1 -1 -1 -1
-1 -1 -1 -1
-1 -1 -1 -1
-1 -1 -1 -1
-1 -1 -1 -1
-1 -1 -1 -1
-1 -1 -1 -1
-1 -1 -1 -1
-1 -1 -1 -1
-1 -1 -1 -1
-1 -1 -1 -1
-1 -1 -1 -1
-1 -1 -1 -1
-1 -1 -1 -1
-1 -1 -1 -1
-1 -1 -1 -1
-1 -1 -1 -1
-1 -1 -1 -1
-1 -1 -1 -1
-1 -1 -1 -1
-1 -1 -1 -1
-1 -1 -1 -1
-1 -1 -1 -1
-1 -1 -1 -1
-1 -1 -1 -1
-1 -1 -1 -1
-1 -1 -1 -1
-1 -1 -1 -1
-1 -1 -1 -1
-1 -1 -1 -1
-1 -1 -1 -1
-1 -1 -1 -1
-1 -1 -1 -1
-1 -1 -1 -1
-1 -1 -1 -1
-1 -1 -1 -1
-1 -1 -1 -1
-1 -1 -1 -1
-1 -1 -1 -1
-1 -1 -1 -1
-1 -1 -1 -1
-1 -1 -1 -1
-1 -1 -1 -1
-1 -1 -1 -1
-1 -1 -1 -1
-1 -1 -1 -1
-1 -1 -1 -1
-1 -1 -1 -1
-1 -1 -1 -1
-1 -1 -1 -1
-1 -1 -1 -1
-1 -1 -1 -1
-1 -1 -1 -1
-1 -1 -1 -1
-1 -1 -1 -1
694 78 695 78
689 78 690 78
685 78 686 78
681 78 681 78
676 78 677 78
672 78 672 78
667 78 668 77
663 77 664 77
659 77 660 77
655 77 655 77
650 77 651 77
646 77 647 77
643 77 643 76
638 76 639 76
635 76 635 76
630 77 631 76
-1 -1 -1 -1
-1 -1 -1 -1
-1 -1 -1 -1
-1 -1 -1 -1
-1 -1 -1 -1
-1 -1 -1 -1
-1 -1 -1 -1
578 64 579 64
559 57 560 57
540 50 541 50
-1 -1 -1 -1
-1 -1 -1 -1
-1 -1 -1 -1
-1 -1 -1 -1
-1 -1 -1 -1
-1 -1 -1 -1
-1 -1 -1 -1
-1 -1 -1 -1
-1 -1 -1 -1
-1 -1 -1 -1
-1 -1 -1 -1
-1 -1 -1 -1
-1 -1 -1 -1
-1 -1 -1 -1
-1 -1 -1 -1
-1 -1 -1 -1
-1 -1 -1 -1
-1 -1 -1 -1
-1 -1 -1 -1
-1 -1 -1 -1
-1 -1 -1 -1
-1 -1 -1 -1
-1 -1 -1 -1
-1 -1 -1 -1
-1 -1 -1 -1
-1 -1 -1 -1
-1 -1 -1 -1
-1 -1 -1 -1
-1 -1 -1 -1
-1 -1 -1 -1
-1 -1 -1 -1
-1 -1 -1 -1
-1 -1 -1 -1
-1 -1 -1 -1
-1 -1 -1 -1
-1 -1 -1 -1
-1 -1 -1 -1
-1 -1 -1 -1
-1 -1 -1 -1
-1 -1 -1 -1
-1 -1 -1 -1
-1 -1 -1 -1
-1 -1 -1 -1
-1 -1 -1 -1
-1 -1 -1 -1
-1 -1 -1 -1
-1 -1 -1 -1
-1 -1 -1 -1
-1 -1 -1 -1
-1 -1 -1 -1
-1 -1 -1 -1
-1 -1 -1 -1
-1 -1 -1 -1
-1 -1 -1 -1
-1 -1 -1 -1
-1 -1 -1 -1
-1 -1 -1 -1
-1 -1 -1 -1
-1 -1 -1 -1
-1 -1 -1 -1
-1 -1 -1 -1
-1 -1 -1 -1
-1 -1 -1 -1
-1 -1 -1 -1
-1 -1 -1 -1
-1 -1 -1 -1
-1 -1 -1 -1
-1 -1 -1 -1
-1 -1 -1 -1
-1 -1 -1 -1
-1 -1 -1 -1
-1 -1 -1 -1
-1 -1 -1 -1
-1 -1 -1 -1
-1 -1 -1 -1
-1 -1 -1 -1
-1 -1 -1 -1
-1 -1 -1 -1
-1 -1 -1 -1
-1 -1 -1 -1
-1 -1 -1 -1
-1 -1 -1 -1
-1 -1 -1 -1
-1 -1 -1 -1
-1 -1 -1 -1
-1 -1 -1 -1
-1 -1 -1 -1
-1 -1 -1 -1
-1 -1 -1 -1
-1 -1 -1 -1
-1 -1 -1 -1
-1 -1 -1 -1
-1 -1 -1 -1
-1 -1 -1 -1
-1 -1 -1 -1
-1 -1 -1 -1
-1 -1 -1 -1
-1 -1 -1 -1
-1 -1 -1 -1
-1 -1 -1 -1
-1 -1 -1 -1
-1 -1 -1 -1
-1 -1 -1 -1
-1 -1 -1 -1
-1 -1 -1 -1
-1 -1 -1 -1
-1 -1 -1 -1
-1 -1 -1 -1
-1 -1 -1 -1
-1 -1 -1 -1
-1 -1 -1 -1
-1 -1 -1 -1
-1 -1 -1 -1
-1 -1 -1 -1
-1 -1 -1 -1
-1 -1 -1 -1
-1 -1 -1 -1
-1 -1 -1 -1
-1 -1 -1 -1
-1 -1 -1 -1
-1 -1 -1 -1
-1 -1 -1 -1
-1 -1 -1 -1
-1 -1 -1 -1
-1 -1 -1 -1
-1 -1 -1 -1
-1 -1 -1 -1
-1 -1 -1 -1
-1 -1 -1 -1
-1 -1 -1 -1
-1 -1 -1 -1
-1 -1 -1 -1
-1 -1 -1 -1
-1 -1 -1 -1
-1 -1 -1 -1
-1 -1 -1 -1
-1 -1 -1 -1
-1 -1 -1 -1
-1 -1 -1 -1
-1 -1 -1 -1
-1 -1 -1 -1
-1 -1 -1 -1
-1 -1 -1 -1
-1 -1 -1 -1
-1 -1 -1 -1
-1 -1 -1 -1
-1 -1 -1 -1
-1 -1 -1 -1
-1 -1 -1 -1
-1 -1 -1 -1
-1 -1 -1 -1
-1 -1 -1 -1
-1 -1 -1 -1
-1 -1 -1 -1
-1 -1 -1 -1
-1 -1 -1 -1
-1 -1 -1 -1
-1 -1 -1 -1
-1 -1 -1 -1
-1 -1 -1 -1
-1 -1 -1 -1
-1 -1 -1 -1
-1 -1 -1 -1
-1 -1 -1 -1
-1 -1 -1 -1
-1 -1 -1 -1
-1 -1 -1 -1
-1 -1 -1 -1
-1 -1 -1 -1
-1 -1 -1 -1
-1 -1 -1 -1
-1 -1 -1 -1
-1 -1 -1 -1
-1 -1 -1 -1
-1 -1 -1 -1
-1 -1 -1 -1
-1 -1 -1 -1
-1 -1 -1 -1
-1 -1 -1 -1
-1 -1 -1 -1
-1 -1 -1 -1
-1 -1 -1 -1
-1 -1 -1 -1
-1 -1 -1 -1
-1 -1 -1 -1
-1 -1 -1 -1
-1 -1 -1 -1
-1 -1 -1 -1
-1 -1 -1 -1
-1 -1 -1 -1
-1 -1 -1 -1
-1 -1 -1 -1
-1 -1 -1 -1
-1 -1 -1 -1
-1 -1 -1 -1
-1 -1 -1 -1
-1 -1 -1 -1
-1 -1 -1 -1
-1 -1 -1 -1
-1 -1 -1 -1
-1 -1 -1 -1
-1 -1 -1 -1
-1 -1 -1 -1
-1 -1 -1 -1
-1 -1 -1 -1
-1 -1 -1 -1
-1 -1 -1 -1
-1 -1 -1 -1
-1 -1 -1 -1
-1 -1 -1 -1
-1 -1 -1 -1
-1 -1 -1 -1
-1 -1 -1 -1
-1 -1 -1 -1
-1 -1 -1 -1
-1 -1 -1 -1
-1 -1 -1 -1
-1 -1 -1 -1
-1 -1 -1 -1
-1 -1 -1 -1
-1 -1 -1 -1
-1 -1 -1 -1
-1 -1 -1 -1
-1 -1 -1 -1
-1 -1 -1 -1
-1 -1 -1 -1
-1 -1 -1 -1
-1 -1 -1 -1
-1 -1 -1 -1
-1 -1 -1 -1
-1 -1 -1 -1
-1 -1 -1 -1
-1 -1 -1 -1
-1 -1 -1 -1
-1 -1 -1 -1
-1 -1 -1 -1
-1 -1 -1 -1
-1 -1 -1 -1
-1 -1 -1 -1
-1 -1 -1 -1
-1 -1 -1 -1
-1 -1 -1 -1
-1 -1 -1 -1
-1 -1 -1 -1
-1 -1 -1 -1
-1 -1 -1 -1
-1 -1 -1 -1
-1 -1 -1 -1
-1 -1 -1 -1
-1 -1 -1 -1
-1 -1 -1 -1
-1 -1 -1 -1
-1 -1 -1 -1
-1 -1 -1 -1
-1 -1 -1 -1
-1 -1 -1 -1
-1 -1 -1 -1
-1 -1 -1 -1
-1 -1 -1 -1
-1 -1 -1 -1
-1 -1 -1 -1
-1 -1 -1 -1
-1 -1 -1 -1
-1 -1 -1 -1
-1 -1 -1 -1
-1 -1 -1 -1
-1 -1 -1 -1
-1 -1 -1 -1
-1 -1 -1 -1
-1 -1 -1 -1
-1 -1 -1 -1
-1 -1 -1 -1
-1 -1 -1 -1
230 4 -1 -1
242 8 -1 -1
252 12 -1 -1
262 16 -1 -1
273 20 -1 -1
285 25 -1 -1
293 31 -1 -1
303 36 -1 -1
314 41 -1 -1
324 47 -1 -1
334 52 334 53
343 58 344 59
-1 -1 -1 -1
-1 -1 -1 -1
-1 -1 -1 -1
-1 -1 -1 -1
-1 -1 -1 -1
340 82 -1 -1
339 79 -1 -1
335 75 -1 -1
333 71 -1 -1
330 69 -1 -1
328 65 -1 -1
325 62 325 63
322 60 346 63
320 59 320 59
317 57 318 58
315 56 315 57
312 56 313 56
309 55 326 56
307 55 308 56
305 56 319 56
302 57 303 57
300 58 300 58
297 59 298 60
295 61 296 61
293 63 293 64
290 66 291 66
288 68 301 66
286 72 287 72
284 74 296 72
281 70 296 72
279 68 280 69
277 67 277 67
275 64 275 65
273 63 273 64
270 62 271 63
268 62 269 62
266 61 266 62
264 62 264 62
261 62 262 62
260 63 262 62
259 62 262 62
261 63 262 62
259 63 259 64
258 65 258 65
257 65 258 65
256 64 257 64
256 61 256 62
-1 -1 -1 -1
-1 -1 -1 -1
-1 -1 -1 -1
-1 -1 -1 -1
-1 -1 -1 -1
-1 -1 -1 -1
-1 -1 -1 -1
-1 -1 -1 -1
-1 -1 -1 -1
-1 -1 -1 -1
-1 -1 -1 -1
-1 -1 -1 -1
-1 -1 -1 -1
-1 -1 -1 -1
257 56 -1 -1
256 56 -1 -1
256 55 257 55
256 54 257 54
257 54 257 54
257 54 257 54
257 52 257 54
-1 -1 -1 -1
256 52 257 54
256 52 257 54
255 52 257 54
256 51 257 54
255 50 -1 -1
255 50 256 50
256 48 256 50
256 49 256 50
-1 -1 -1 -1
-1 -1 -1 -1
-1 -1 -1 -1
-1 -1 -1 -1
-1 -1 -1 -1
-1 -1 -1 -1
-1 -1 -1 -1
-1 -1 -1 -1
-1 -1 -1 -1
-1 -1 -1 -1
-1 -1 -1 -1
-1 -1 -1 -1
253 45 576 126
255 44 577 126
255 44 579 126
255 43 580 126
254 44 580 136
254 43 581 135
254 43 581 135
254 42 591 137
254 42 591 137
253 42 591 137
253 42 591 137
253 42 591 137
253 41 -1 -1
252 41 445 56
253 40 445 56
253 41 446 56
-1 -1 -1 -1
-1 -1 -1 -1
-1 -1 -1 -1
-1 -1 -1 -1
-1 -1 -1 -1
-1 -1 -1 -1
-1 -1 -1 -1
-1 -1 -1 -1
-1 -1 -1 -1
-1 -1 -1 -1
-1 -1 -1 -1
-1 -1 -1 -1
-1 -1 -1 -1
-1 -1 -1 -1
-1 -1 -1 -1
-1 -1 -1 -1
-1 -1 -1 -1
-1 -1 -1 -1
-1 -1 -1 -1
-1 -1 -1 -1
-1 -1 -1 -1
-1 -1 -1 -1
-1 -1 -1 -1
-1 -1 -1 -1
-1 -1 -1 -1
-1 -1 -1 -1
-1 -1 -1 -1
-1 -1 -1 -1
-1 -1 -1 -1
-1 -1 -1 -1
-1 -1 -1 -1
-1 -1 -1 -1
-1 -1 -1 -1
-1 -1 -1 -1
-1 -1 -1 -1
-1 -1 -1 -1
-1 -1 -1 -1
-1 -1 -1 -1
-1 -1 -1 -1
-1 -1 -1 -1
-1 -1 -1 -1
-1 -1 -1 -1
-1 -1 -1 -1
-1 -1 -1 -1
-1 -1 -1 -1
-1 -1 -1 -1
-1 -1 -1 -1
-1 -1 -1 -1
-1 -1 -1 -1
-1 -1 -1 -1
-1 -1 -1 -1
-1 -1 -1 -1
-1 -1 -1 -1
-1 -1 -1 -1
-1 -1 -1 -1
-1 -1 -1 -1
-1 -1 -1 -1
-1 -1 -1 -1
-1 -1 -1 -1
-1 -1 -1 -1
-1 -1 -1 -1
-1 -1 -1 -1
-1 -1 -1 -1
-1 -1 -1 -1
-1 -1 -1 -1
-1 -1 -1 -1
-1 -1 -1 -1
-1 -1 -1 -1
-1 -1 -1 -1
-1 -1 -1 -1
-1 -1 -1 -1
-1 -1 -1 -1
-1 -1 -1 -1
-1 -1 -1 -1
-1 -1 -1 -1
-1 -1 -1 -1
-1 -1 -1 -1
-1 -1 -1 -1
-1 -1 -1 -1
-1 -1 -1 -1
-1 -1 -1 -1
-1 -1 -1 -1
-1 -1 -1 -1
-1 -1 -1 -1
-1 -1 -1 -1
-1 -1 -1 -1
-1 -1 -1 -1
-1 -1 -1 -1
-1 -1 -1 -1
-1 -1 -1 -1
-1 -1 -1 -1
-1 -1 -1 -1
-1 -1 -1 -1
-1 -1 -1 -1
-1 -1 -1 -1
-1 -1 -1 -1
-1 -1 -1 -1
-1 -1 -1 -1
-1 -1 -1 -1
-1 -1 -1 -1
-1 -1 -1 -1
-1 -1 -1 -1
-1 -1 -1 -1
-1 -1 -1 -1
-1 -1 -1 -1
-1 -1 -1 -1
-1 -1 -1 -1
-1 -1 -1 -1
-1 -1 -1 -1
-1 -1 -1 -1
-1 -1 -1 -1
-1 -1 -1 -1
-1 -1 -1 -1
-1 -1 -1 -1
-1 -1 -1 -1
-1 -1 -1 -1
-1 -1 -1 -1
-1 -1 -1 -1
-1 -1 -1 -1
-1 -1 -1 -1
-1 -1 -1 -1
-1 -1 -1 -1
-1 -1 -1 -1
-1 -1 -1 -1
-1 -1 -1 -1
-1 -1 -1 -1
-1 -1 -1 -1
-1 -1 -1 -1
-1 -1 -1 -1
-1 -1 -1 -1
-1 -1 -1 -1
-1 -1 -1 -1
-1 -1 -1 -1
-1 -1 -1 -1
-1 -1 -1 -1
-1 -1 -1 -1
-1 -1 -1 -1
-1 -1 -1 -1
-1 -1 -1 -1
-1 -1 -1 -1
-1 -1 -1 -1
-1 -1 -1 -1
-1 -1 -1 -1
-1 -1 -1 -1
-1 -1 -1 -1
-1 -1 -1 -1
-1 -1 -1 -1
-1 -1 -1 -1
-1 -1 -1 -1
467 5 -1 -1
476 9 -1 -1
483 14 453 47
490 18 455 59
498 22 457 58
504 27 459 48
514 33 462 49
521 39 470 60
529 45 472 59
535 52 473 49
543 59 477 49
551 67 480 49
559 75 490 49
556 78 490 49
551 83 490 49
547 85 490 49
544 82 498 51
541 80 493 51
538 79 539 80
535 78 536 79
532 77 533 78
529 78 547 62
527 78 526 77
524 78 519 77
520 79 522 77
518 80 522 76
513 82 525 77
512 83 513 83
512 82 512 84
512 84 512 85
512 86 511 86
510 88 511 88
510 91 510 91
510 93 510 93
509 94 510 96
509 96 510 98
508 96 509 97
508 98 508 98
507 98 508 98
507 98 507 99
506 99 507 100
504 101 511 95
-1 -1 -1 -1
-1 -1 -1 -1
501 98 533 91
501 95 532 92
498 92 532 91
496 88 532 93
495 87 532 95
492 83 531 100
490 83 531 96
489 81 530 94
486 80 530 104
484 79 530 102
483 79 529 103
480 79 529 102
477 79 529 108
475 79 529 108
473 81 527 110
471 82 471 83
469 84 469 85
466 86 467 87
464 89 465 89
462 91 482 89
460 95 460 95
458 98 458 99
456 102 456 103
453 105 454 107
452 110 452 111
450 115 450 116
447 117 448 118
445 115 446 116
443 114 444 114
442 111 467 114
439 112 438 112
435 113 434 114
429 116 430 116
425 118 426 119
421 122 422 122
417 124 418 124
413 123 414 123
410 123 411 123
406 122 407 122
403 123 403 123
399 123 400 123
396 124 396 124
392 126 393 126
389 128 389 127
385 129 386 129
382 129 383 129
379 129 380 128
376 129 377 129
374 128 374 129
370 130 384 129
366 131 368 131
366 132 376 131
-1 -1 -1 -1
-1 -1 -1 -1
338 119 356 133
330 115 331 116
321 112 322 112
312 110 313 110
305 107 304 107
295 104 309 106
286 104 287 104
278 103 278 103
269 102 270 103
260 102 261 103
252 102 253 103
244 103 244 103
235 104 236 105
227 106 227 106
218 108 219 108
210 110 211 110
202 113 202 113
194 116 194 116
186 119 186 120
178 123 178 124
176 124 170 124
177 123 171 124
178 124 179 124
179 124 167 124
180 125 181 125
181 126 182 126
182 128 183 128
183 129 184 130
185 132 185 132
186 134 186 135
187 137 187 138
187 142 188 141
188 145 189 145
188 142 189 142
189 140 189 141
188 139 173 140
188 136 188 137
187 135 188 135
187 134 187 134
186 133 187 133
186 132 186 132
185 132 186 132
185 132 185 132
184 132 185 132
184 133 184 133
183 133 184 134
183 135 183 135
182 136 183 137
182 138 182 139
181 141 182 141
181 143 181 144
180 146 181 147
180 149 180 150
180 153 180 154
179 157 180 158
179 162 195 155
178 167 179 167
178 172 179 172
178 178 178 178
177 183 178 184
177 190 178 190
177 196 177 197
176 204 177 204
176 211 177 211
176 219 176 219
175 227 176 227
175 226 176 227
175 225 175 226
174 225 175 225
174 224 174 225
173 225 174 225
173 225 173 226
172 227 173 227
172 228 173 229
171 231 172 231
171 233 172 234
170 236 171 237
170 240 171 241
169 244 170 245
169 249 170 249
168 254 169 254
168 260 168 260
167 265 168 266
167 270 167 269
166 268 167 268
165 267 166 268
165 267 165 268
164 268 165 268
164 269 164 269
162 270 151 269
167 269 167 270
171 268 172 269
176 268 176 268
180 268 181 268
185 269 185 269
189 270 190 270
193 271 194 272
198 273 199 273
202 275 203 276
207 278 207 279
211 282 211 282
215 286 216 286
217 286 218 286
219 284 220 284
221 283 222 283
223 283 224 283
225 283 226 283
227 284 228 284
229 285 230 285
231 286 231 287
233 288 233 288
234 292 235 291
236 293 237 292
238 293 239 292
240 292 242 291
243 292 244 292
245 292 246 292
247 294 229 292
250 295 236 291
252 296 241 293
261 294 248 292
288 284 288 284
314 275 315 274
341 265 312 274
368 256 368 257
394 248 394 248
419 240 420 240
444 232 445 232
469 224 470 224
494 216 494 216
517 209 496 216
540 202 540 203
563 196 563 196
585 189 586 190
609 183 608 184
629 178 630 178
651 172 652 173
672 168 673 168
693 163 694 163
714 158 715 159
734 154 735 154
754 150 755 151
774 147 775 147
794 145 795 145
813 142 814 142
832 140 833 140
851 138 853 138
871 136 871 136
888 135 871 136
907 135 871 136
925 134 871 136
943 134 871 136
-1 -1 -1 -1
-1 -1 -1 -1
-1 -1 -1 -1
-1 -1 -1 -1
-1 -1 -1 -1
-1 -1 -1 -1
-1 -1 -1 -1
-1 -1 -1 -1
-1 -1 -1 -1
-1 -1 -1 -1
-1 -1 -1 -1
-1 -1 -1 -1
-1 -1 -1 -1
-1 -1 -1 -1
-1 -1 -1 -1
-1 -1 -1 -1
-1 -1 -1 -1
-1 -1 -1 -1
-1 -1 -1 -1
-1 -1 -1 -1
-1 -1 -1 -1
-1 -1 -1 -1
-1 -1 -1 -1
-1 -1 -1 -1
-1 -1 -1 -1
-1 -1 -1 -1
-1 -1 -1 -1
-1 -1 -1 -1
-1 -1 -1 -1
-1 -1 -1 -1
-1 -1 -1 -1
-1 -1 -1 -1
-1 -1 -1 -1
-1 -1 -1 -1
-1 -1 -1 -1
-1 -1 -1 -1
-1 -1 -1 -1
-1 -1 -1 -1
-1 -1 -1 -1
-1 -1 -1 -1
-1 -1 -1 -1
-1 -1 -1 -1
-1 -1 -1 -1
-1 -1 -1 -1
-1 -1 -1 -1
-1 -1 -1 -1
-1 -1 -1 -1
-1 -1 -1 -1
-1 -1 -1 -1
-1 -1 -1 -1
-1 -1 -1 -1
-1 -1 -1 -1
-1 -1 -1 -1
-1 -1 -1 -1
-1 -1 -1 -1
-1 -1 -1 -1
-1 -1 -1 -1
-1 -1 -1 -1
-1 -1 -1 -1
-1 -1 -1 -1
-1 -1 -1 -1
-1 -1 -1 -1
-1 -1 -1 -1
-1 -1 -1 -1
-1 -1 -1 -1
-1 -1 -1 -1
-1 -1 -1 -1
-1 -1 -1 -1
-1 -1 -1 -1
-1 -1 -1 -1
-1 -1 -1 -1
-1 -1 -1 -1
-1 -1 -1 -1
-1 -1 -1 -1
-1 -1 -1 -1
-1 -1 -1 -1
-1 -1 -1 -1
-1 -1 -1 -1
-1 -1 -1 -1
-1 -1 -1 -1
-1 -1 -1 -1
-1 -1 -1 -1
-1 -1 -1 -1
-1 -1 -1 -1
-1 -1 -1 -1
-1 -1 -1 -1
-1 -1 -1 -1
-1 -1 -1 -1
-1 -1 -1 -1
-1 -1 -1 -1
-1 -1 -1 -1
-1 -1 -1 -1
-1 -1 -1 -1
-1 -1 -1 -1
-1 -1 -1 -1
-1 -1 -1 -1
-1 -1 -1 -1
-1 -1 -1 -1
-1 -1 -1 -1
-1 -1 -1 -1
-1 -1 -1 -1
-1 -1 -1 -1
-1 -1 -1 -1
-1 -1 -1 -1
-1 -1 -1 -1
-1 -1 -1 -1
-1 -1 -1 -1
-1 -1 -1 -1
-1 -1 -1 -1
-1 -1 -1 -1
-1 -1 -1 -1
-1 -1 -1 -1
-1 -1 -1 -1
-1 -1 -1 -1
-1 -1 -1 -1
-1 -1 -1 -1
-1 -1 -1 -1
-1 -1 -1 -1
-1 -1 -1 -1
-1 -1 -1 -1
-1 -1 -1 -1
-1 -1 -1 -1
-1 -1 -1 -1
-1 -1 -1 -1
-1 -1 -1 -1
-1 -1 -1 -1
-1 -1 -1 -1
-1 -1 -1 -1
-1 -1 -1 -1
-1 -1 -1 -1
-1 -1 -1 -1
-1 -1 -1 -1
-1 -1 -1 -1
-1 -1 -1 -1
-1 -1 -1 -1
-1 -1 -1 -1
-1 -1 -1 -1
-1 -1 -1 -1
-1 -1 -1 -1
-1 -1 -1 -1
-1 -1 -1 -1
-1 -1 -1 -1
-1 -1 -1 -1
-1 -1 -1 -1
-1 -1 -1 -1
-1 -1 -1 -1
-1 -1 -1 -1
-1 -1 -1 -1
-1 -1 -1 -1
-1 -1 -1 -1
-1 -1 -1 -1
-1 -1 -1 -1
-1 -1 -1 -1
-1 -1 -1 -1
-1 -1 -1 -1
-1 -1 -1 -1
-1 -1 -1 -1
-1 -1 -1 -1
-1 -1 -1 -1
-1 -1 -1 -1
-1 -1 -1 -1
-1 -1 -1 -1
-1 -1 -1 -1
-1 -1 -1 -1
-1 -1 -1 -1
-1 -1 -1 -1
-1 -1 -1 -1
-1 -1 -1 -1
-1 -1 -1 -1
-1 -1 -1 -1
-1 -1 -1 -1
-1 -1 -1 -1
-1 -1 -1 -1
-1 -1 -1 -1
-1 -1 -1 -1
-1 -1 -1 -1
-1 -1 -1 -1
-1 -1 -1 -1
-1 -1 -1 -1
-1 -1 -1 -1
-1 -1 -1 -1
-1 -1 -1 -1
-1 -1 -1 -1
-1 -1 -1 -1
-1 -1 -1 -1
-1 -1 -1 -1
-1 -1 -1 -1
-1 -1 -1 -1
-1 -1 -1 -1
-1 -1 -1 -1
-1 -1 -1 -1
-1 -1 -1 -1
-1 -1 -1 -1
-1 -1 -1 -1
-1 -1 -1 -1
-1 -1 -1 -1
-1 -1 -1 -1
-1 -1 -1 -1
-1 -1 -1 -1
-1 -1 -1 -1
-1 -1 -1 -1
-1 -1 -1 -1
-1 -1 -1 -1
-1 -1 -1 -1
-1 -1 -1 -1
-1 -1 -1 -1
-1 -1 -1 -1
-1 -1 -1 -1
-1 -1 -1 -1
-1 -1 -1 -1
-1 -1 -1 -1
-1 -1 -1 -1
-1 -1 -1 -1
-1 -1 -1 -1
-1 -1 -1 -1
-1 -1 -1 -1
-1 -1 -1 -1
-1 -1 -1 -1
-1 -1 -1 -1
-1 -1 -1 -1
-1 -1 -1 -1
-1 -1 -1 -1
-1 -1 -1 -1
-1 -1 -1 -1
-1 -1 -1 -1
-1 -1 -1 -1
-1 -1 -1 -1
-1 -1 -1 -1
-1 -1 -1 -1
-1 -1 -1 -1
-1 -1 -1 -1
-1 -1 -1 -1
-1 -1 -1 -1
-1 -1 -1 -1
-1 -1 -1 -1
-1 -1 -1 -1
-1 -1 -1 -1
-1 -1 -1 -1
-1 -1 -1 -1
-1 -1 -1 -1
-1 -1 -1 -1
-1 -1 -1 -1
-1 -1 -1 -1
-1 -1 -1 -1
-1 -1 -1 -1
-1 -1 -1 -1
-1 -1 -1 -1
-1 -1 -1 -1
-1 -1 -1 -1
-1 -1 -1 -1
-1 -1 -1 -1
-1 -1 -1 -1
-1 -1 -1 -1
-1 -1 -1 -1
-1 -1 -1 -1
-1 -1 -1 -1
-1 -1 -1 -1
-1 -1 -1 -1
-1 -1 -1 -1
-1 -1 -1 -1
-1 -1 -1 -1
-1 -1 -1 -1
-1 -1 -1 -1
-1 -1 -1 -1
-1 -1 -1 -1
-1 -1 -1 -1
-1 -1 -1 -1
-1 -1 -1 -1
-1 -1 -1 -1
-1 -1 -1 -1
-1 -1 -1 -1
-1 -1 -1 -1
-1 -1 -1 -1
-1 -1 -1 -1
-1 -1 -1 -1
-1 -1 -1 -1
-1 -1 -1 -1
-1 -1 -1 -1
-1 -1 -1 -1
-1 -1 -1 -1
-1 -1 -1 -1
-1 -1 -1 -1
-1 -1 -1 -1
-1 -1 -1 -1
-1 -1 -1 -1
-1 -1 -1 -1
-1 -1 -1 -1
-1 -1 -1 -1
-1 -1 -1 -1
-1 -1 -1 -1
-1 -1 -1 -1
-1 -1 -1 -1
-1 -1 -1 -1
-1 -1 -1 -1
-1 -1 -1 -1
-1 -1 -1 -1
-1 -1 -1 -1
-1 -1 -1 -1
-1 -1 -1 -1
-1 -1 -1 -1
-1 -1 -1 -1
-1 -1 -1 -1
-1 -1 -1 -1
-1 -1 -1 -1
-1 -1 -1 -1
-1 -1 -1 -1
-1 -1 -1 -1
-1 -1 -1 -1
-1 -1 -1 -1
-1 -1 -1 -1
-1 -1 -1 -1
-1 -1 -1 -1
-1 -1 -1 -1
-1 -1 -1 -1
-1 -1 -1 -1
-1 -1 -1 -1
-1 -1 -1 -1
-1 -1 -1 -1
-1 -1 -1 -1
-1 -1 -1 -1
-1 -1 -1 -1
-1 -1 -1 -1
-1 -1 -1 -1
-1 -1 -1 -1
-1 -1 -1 -1
-1 -1 -1 -1
-1 -1 -1 -1
-1 -1 -1 -1
-1 -1 -1 -1
-1 -1 -1 -1
-1 -1 -1 -1
-1 -1 -1 -1
-1 -1 -1 -1
-1 -1 -1 -1
-1 -1 -1 -1
-1 -1 -1 -1
-1 -1 -1 -1
-1 -1 -1 -1
-1 -1 -1 -1
-1 -1 -1 -1
-1 -1 -1 -1
-1 -1 -1 -1
-1 -1 -1 -1
-1 -1 -1 -1
-1 -1 -1 -1
-1 -1 -1 -1
-1 -1 -1 -1
-1 -1 -1 -1
-1 -1 -1 -1
-1 -1 -1 -1
-1 -1 -1 -1
-1 -1 -1 -1
-1 -1 -1 -1
-1 -1 -1 -1
-1 -1 -1 -1
-1 -1 -1 -1
-1 -1 -1 -1
-1 -1 -1 -1
-1 -1 -1 -1
-1 -1 -1 -1
-1 -1 -1 -1
-1 -1 -1 -1
-1 -1 -1 -1
-1 -1 -1 -1
-1 -1 -1 -1
-1 -1 -1 -1
-1 -1 -1 -1
-1 -1 -1 -1
-1 -1 -1 -1
-1 -1 -1 -1
-1 -1 -1 -1
-1 -1 -1 -1
-1 -1 -1 -1
-1 -1 -1 -1
-1 -1 -1 -1
-1 -1 -1 -1
-1 -1 -1 -1
-1 -1 -1 -1
-1 -1 -1 -1
-1 -1 -1 -1
-1 -1 -1 -1
-1 -1 -1 -1
-1 -1 -1 -1
-1 -1 -1 -1
-1 -1 -1 -1
-1 -1 -1 -1
-1 -1 -1 -1
-1 -1 -1 -1
-1 -1 -1 -1
-1 -1 -1 -1
-1 -1 -1 -1
-1 -1 -1 -1
-1 -1 -1 -1
-1 -1 -1 -1
-1 -1 -1 -1
-1 -1 -1 -1
-1 -1 -1 -1
-1 -1 -1 -1
-1 -1 -1 -1
-1 -1 -1 -1
-1 -1 -1 -1
-1 -1 -1 -1
-1 -1 -1 -1
-1 -1 -1 -1
-1 -1 -1 -1
-1 -1 -1 -1
-1 -1 -1 -1
-1 -1 -1 -1
-1 -1 -1 -1
-1 -1 -1 -1
-1 -1 -1 -1
-1 -1 -1 -1
-1 -1 -1 -1
-1 -1 -1 -1
-1 -1 -1 -1
-1 -1 -1 -1
-1 -1 -1 -1
-1 -1 -1 -1
-1 -1 -1 -1
-1 -1 -1 -1
-1 -1 -1 -1
-1 -1 -1 -1
-1 -1 -1 -1
-1 -1 -1 -1
-1 -1 -1 -1
-1 -1 -1 -1
-1 -1 -1 -1
-1 -1 -1 -1
-1 -1 -1 -1
-1 -1 -1 -1
-1 -1 -1 -1
-1 -1 -1 -1
-1 -1 -1 -1
-1 -1 -1 -1
-1 -1 -1 -1
-1 -1 -1 -1
-1 -1 -1 -1
-1 -1 -1 -1
-1 -1 -1 -1
-1 -1 -1 -1
-1 -1 -1 -1
-1 -1 -1 -1
-1 -1 -1 -1
-1 -1 -1 -1
-1 -1 -1 -1
-1 -1 -1 -1
-1 -1 -1 -1
-1 -1 -1 -1
-1 -1 -1 -1
-1 -1 -1 -1
-1 -1 -1 -1
-1 -1 -1 -1
-1 -1 -1 -1
-1 -1 -1 -1
-1 -1 -1 -1
-1 -1 -1 -1
-1 -1 -1 -1
-1 -1 -1 -1
-1 -1 -1 -1
-1 -1 -1 -1
-1 -1 -1 -1
-1 -1 -1 -1
-1 -1 -1 -1
-1 -1 -1 -1
-1 -1 -1 -1
-1 -1 -1 -1
-1 -1 -1 -1
-1 -1 -1 -1
-1 -1 -1 -1
-1 -1 -1 -1
-1 -1 -1 -1
-1 -1 -1 -1
-1 -1 -1 -1
-1 -1 -1 -1
-1 -1 -1 -1
-1 -1 -1 -1
-1 -1 -1 -1
-1 -1 -1 -1
-1 -1 -1 -1
-1 -1 -1 -1
-1 -1 -1 -1
-1 -1 -1 -1
-1 -1 -1 -1
-1 -1 -1 -1
-1 -1 -1 -1
-1 -1 -1 -1
-1 -1 -1 -1
-1 -1 -1 -1
-1 -1 -1 -1
-1 -1 -1 -1
-1 -1 -1 -1
-1 -1 -1 -1
-1 -1 -1 -1
-1 -1 -1 -1
-1 -1 -1 -1
-1 -1 -1 -1
-1 -1 -1 -1
-1 -1 -1 -1
-1 -1 -1 -1
-1 -1 -1 -1
-1 -1 -1 -1
-1 -1 -1 -1
-1 -1 -1 -1
-1 -1 -1 -1
-1 -1 -1 -1
-1 -1 -1 -1
-1 -1 -1 -1
-1 -1 -1 -1
-1 -1 -1 -1
-1 -1 -1 -1
-1 -1 -1 -1
-1 -1 -1 -1
-1 -1 -1 -1
-1 -1 -1 -1
-1 -1 -1 -1
-1 -1 -1 -1
-1 -1 -1 -1
-1 -1 -1 -1
-1 -1 -1 -1
-1 -1 -1 -1
-1 -1 -1 -1
-1 -1 -1 -1
-1 -1 -1 -1
-1 -1 -1 -1
-1 -1 -1 -1
-1 -1 -1 -1
-1 -1 -1 -1
-1 -1 -1 -1
-1 -1 -1 -1
-1 -1 -1 -1
-1 -1 -1 -1
-1 -1 -1 -1
-1 -1 -1 -1
-1 -1 -1 -1
-1 -1 -1 -1
-1 -1 -1 -1
-1 -1 -1 -1
-1 -1 -1 -1
-1 -1 -1 -1
-1 -1 -1 -1
-1 -1 -1 -1
-1 -1 -1 -1
-1 -1 -1 -1
-1 -1 -1 -1
-1 -1 -1 -1
-1 -1 -1 -1
-1 -1 -1 -1
-1 -1 -1 -1
-1 -1 -1 -1
-1 -1 -1 -1
-1 -1 -1 -1
-1 -1 -1 -1
-1 -1 -1 -1
-1 -1 -1 -1
-1 -1 -1 -1
-1 -1 -1 -1
-1 -1 -1 -1
-1 -1 -1 -1
-1 -1 -1 -1
-1 -1 -1 -1
-1 -1 -1 -1
-1 -1 -1 -1
-1 -1 -1 -1
-1 -1 -1 -1
-1 -1 -1 -1
-1 -1 -1 -1
-1 -1 -1 -1
-1 -1 -1 -1
-1 -1 -1 -1
-1 -1 -1 -1
-1 -1 -1 -1
-1 -1 -1 -1
-1 -1 -1 -1
-1 -1 -1 -1
-1 -1 -1 -1
-1 -1 -1 -1
-1 -1 -1 -1
-1 -1 -1 -1
-1 -1 -1 -1
-1 -1 -1 -1
-1 -1 -1 -1
-1 -1 -1 -1
-1 -1 -1 -1
-1 -1 -1 -1
-1 -1 -1 -1
-1 -1 -1 -1
-1 -1 -1 -1
-1 -1 -1 -1
-1 -1 -1 -1
-1 -1 -1 -1
-1 -1 -1 -1
-1 -1 -1 -1
-1 -1 -1 -1
-1 -1 -1 -1
-1 -1 -1 -1
-1 -1 -1 -1
-1 -1 -1 -1
-1 -1 -1 -1
-1 -1 -1 -1
-1 -1 -1 -1
-1 -1 -1 -1
-1 -1 -1 -1
-1 -1 -1 -1
-1 -1 -1 -1
-1 -1 -1 -1
-1 -1 -1 -1
-1 -1 -1 -1
-1 -1 -1 -1
-1 -1 -1 -1
-1 -1 -1 -1
-1 -1 -1 -1
-1 -1 -1 -1
-1 -1 -1 -1
-1 -1 -1 -1
-1 -1 -1 -1
-1 -1 -1 -1
-1 -1 -1 -1
-1 -1 -1 -1
-1 -1 -1 -1
954 77 955 78
950 78 950 78
944 78 945 78
940 80 945 78
935 79 945 78
931 79 945 78
926 78 945 78
921 78 945 78
916 78 -1 -1
912 78 -1 -1
907 79 -1 -1
902 78 -1 -1
898 78 -1 -1
894 78 -1 -1
890 78 890 78
887 77 886 78
882 77 882 76
880 78 882 76
877 77 882 76
876 81 882 76
875 82 882 76
874 85 882 76
871 86 -1 -1
870 87 -1 -1
869 88 -1 -1
868 90 -1 -1
867 92 -1 -1
865 93 -1 -1
864 94 865 94
863 95 864 96
861 97 862 97
860 99 861 99
859 101 860 101
858 102 859 102
857 103 857 103
855 104 856 104
854 105 855 105
853 107 854 107
852 109 852 109
850 110 851 110
849 111 850 111
848 112 848 113
846 113 847 113
845 114 845 114
844 115 844 115
842 117 843 117
840 117 841 117
839 118 839 118
837 120 838 119
835 121 836 121
834 121 835 121
832 122 833 122
830 123 831 123
829 124 830 124
827 125 828 125
826 126 826 126
824 126 825 126
823 127 823 127
821 127 822 128
819 129 820 129
818 130 819 130
816 131 817 131
815 132 816 131
813 132 814 132
812 133 813 133
810 134 811 134
809 134 810 135
807 135 808 135
806 136 807 136
805 137 817 136
803 138 815 137
802 138 813 139
800 139 810 140
799 140 809 141
798 139 807 141
798 139 807 141
792 141 799 141
788 144 798 142
-1 -1 -1 -1
-1 -1 -1 -1
-1 -1 -1 -1
-1 -1 -1 -1
-1 -1 -1 -1
-1 -1 -1 -1
-1 -1 -1 -1
-1 -1 -1 -1
746 169 773 138
743 170 768 146
740 173 763 140
735 175 758 140
731 178 753 142
727 179 748 138
722 182 746 139
718 183 743 137
715 182 739 137
715 180 714 181
712 179 712 179
710 178 710 178
708 177 708 177
706 177 721 177
703 177 716 179
702 177 712 179
700 179 708 178
696 180 697 180
695 181 695 181
693 181 693 181
691 180 692 180
691 181 689 180
684 179 686 180
680 182 681 182
676 185 677 184
672 185 673 185
669 185 669 185
665 186 666 185
662 186 662 186
658 187 659 187
654 188 655 188
651 189 652 189
648 189 649 189
645 190 646 189
642 191 642 190
639 191 639 191
636 192 636 191
633 192 634 192
630 192 631 192
627 193 628 192
625 193 625 193
622 194 623 193
619 194 620 194
617 195 618 194
614 195 615 194
612 195 612 194
609 195 610 195
606 196 607 196
604 196 605 196
601 196 605 196
599 197 605 196
598 197 605 196
594 197 605 196
592 196 593 197
592 197 602 179
587 197 598 179
585 198 585 198
584 199 583 199
581 199 581 199
579 200 585 199
578 201 583 199
576 203 583 199
576 204 576 204
574 206 577 186
573 205 574 186
571 207 572 196
569 210 570 189
568 209 568 191
566 211 565 189
564 211 564 210
562 212 563 211
561 213 561 213
559 213 559 214
557 215 558 214
555 216 556 215
554 216 555 216
552 217 553 217
551 218 551 218
549 219 550 218
549 219 548 218
547 220 543 200
546 220 544 200
545 222 542 201
547 222 544 200
549 223 548 223
548 223 549 223
549 225 545 220
551 225 545 220
551 226 552 226
552 227 553 226
553 227 542 226
555 228 541 221
554 228 541 217
557 231 541 217
562 232 541 218
567 236 568 235
572 239 573 238
578 242 579 242
583 246 584 246
588 248 589 248
594 251 594 250
599 254 600 253
604 257 605 257
609 260 609 260
614 263 614 262
618 266 619 265
623 268 624 268
627 271 628 270
631 273 632 273
636 276 636 275
640 278 641 278
644 280 645 280
647 282 648 282
651 284 652 284
655 287 656 286
659 289 659 289
662 291 663 290
665 293 666 292
-1 -1 -1 -1
672 297 673 296
675 299 676 299
679 301 679 300
682 302 683 301
686 303 686 303
689 305 690 304
692 307 693 307
695 310 696 310
699 313 700 313
702 315 703 314
706 317 706 316
709 319 710 319
712 321 713 321
716 323 716 322
719 325 720 324
723 326 723 325
726 329 726 328
729 331 730 330
733 332 733 332
736 335 736 334
726 337 725 337
711 340 712 340
698 343 698 343
685 347 685 347
671 351 672 352
658 357 659 357
645 364 646 363
632 370 633 370
620 373 621 372
609 375 609 375
597 378 598 378
586 382 586 383
574 387 575 388
563 393 563 393
551 400 552 399
541 403 542 402
531 404 532 405
521 408 522 408
511 411 512 412
501 416 501 416
491 421 492 421
481 427 482 427
472 434 472 433
463 436 463 436
455 440 455 440
446 444 447 443
438 448 438 448
429 453 430 453
421 458 422 457
414 460 415 460
407 462 408 462
400 465 401 465
393 470 394 469
386 474 387 474
379 480 380 479
374 483 360 479
-1 -1 -1 -1
-1 -1 -1 -1
-1 -1 -1 -1
-1 -1 -1 -1
-1 -1 -1 -1
-1 -1 -1 -1
381 479 382 479
385 479 382 479
388 479 382 479
392 480 382 479
394 483 382 479
397 484 -1 -1
401 487 -1 -1
402 487 -1 -1
404 486 -1 -1
405 486 -1 -1
407 486 -1 -1
408 487 -1 -1
411 489 -1 -1
431 485 -1 -1
450 483 -1 -1
471 478 -1 -1
489 475 490 474
508 471 509 471
528 468 528 469
546 467 528 469
563 464 528 469
-1 -1 -1 -1
-1 -1 -1 -1
614 456 528 469
631 454 -1 -1
646 451 647 450
663 449 663 447
678 447 678 446
692 445 693 444
707 443 707 442
720 440 721 439
735 438 735 438
748 437 735 438
760 435 735 438
773 433 735 438
787 431 735 438
798 430 735 438
809 428 -1 -1
821 426 724 158
832 425 726 158
844 423 727 158
853 422 727 158
862 419 726 148
865 418 737 147
866 417 733 144
867 417 734 145
870 415 736 151
871 414 736 151
874 412 739 151
875 411 742 152
878 410 745 153
880 408 745 154
883 407 747 154
885 406 747 154
888 405 747 154
892 403 747 154
892 401 747 154
895 402 -1 -1
896 400 -1 -1
-1 -1 -1 -1
-1 -1 -1 -1
-1 -1 -1 -1
-1 -1 -1 -1
-1 -1 -1 -1
-1 -1 -1 -1
-1 -1 -1 -1
-1 -1 -1 -1
-1 -1 -1 -1
921 394 -1 -1
922 392 -1 -1
924 391 -1 -1
927 390 -1 -1
927 388 -1 -1
932 389 -1 -1
-1 -1 -1 -1
-1 -1 -1 -1
-1 -1 -1 -1
-1 -1 -1 -1
-1 -1 -1 -1
-1 -1 -1 -1
-1 -1 -1 -1
-1 -1 -1 -1
-1 -1 -1 -1
-1 -1 -1 -1
-1 -1 -1 -1
918 343 -1 -1
917 339 683 327
915 335 683 327
914 331 683 327
913 327 683 327
911 324 683 327
910 321 683 327
909 318 -1 -1
908 314 -1 -1
907 311 -1 -1
906 309 -1 -1
905 306 -1 -1
905 303 -1 -1
904 301 -1 -1
904 298 -1 -1
904 296 -1 -1
902 295 -1 -1
905 293 -1 -1
906 293 906 294
906 294 893 292
907 294 892 292
908 293 893 292
908 292 894 283
910 292 895 281
911 292 898 290
-1 -1 -1 -1
912 290 900 288
912 290 -1 -1
914 290 -1 -1
-1 -1 -1 -1
-1 -1 -1 -1
914 289 917 288
915 289 917 288
915 288 917 288
915 287 917 288
-1 -1 -1 -1
-1 -1 -1 -1
-1 -1 -1 -1
-1 -1 -1 -1
-1 -1 -1 -1
-1 -1 -1 -1
-1 -1 -1 -1
-1 -1 -1 -1
-1 -1 -1 -1
-1 -1 -1 -1
-1 -1 -1 -1
928 244 839 108
928 241 -1 -1
930 237 841 106
930 235 841 106
931 231 841 106
931 229 841 106
932 226 841 106
932 224 841 106
933 221 -1 -1
933 218 -1 -1
933 216 -1 -1
933 214 -1 -1
934 212 -1 -1
934 210 -1 -1
934 208 934 207
935 204 935 205
935 203 935 203
936 202 935 201
935 199 935 199
935 198 936 198
936 197 936 196
936 195 936 195
936 192 936 193
936 191 937 191
937 190 937 190
937 188 937 188
937 187 937 187
937 185 938 185
938 185 938 184
939 184 938 183
939 181 939 181
939 180 939 180
940 179 940 178
940 178 940 178
940 176 940 176
939 175 939 175
934 174 934 174
928 171 945 174
924 170 924 171
918 169 918 170
912 170 914 170
908 170 909 170
903 169 904 169
901 167 900 167
895 167 897 166
892 166 893 166
887 166 889 166
884 165 885 165
882 164 882 163
878 163 879 162
874 162 876 162
872 162 873 162
868 161 870 161
865 160 866 160
862 160 863 159
859 159 860 159
856 158 857 158
853 157 854 157
851 155 864 157
849 156 860 152
-1 -1 -1 -1
-1 -1 -1 -1
-1 -1 -1 -1
-1 -1 -1 -1
-1 -1 -1 -1
-1 -1 -1 -1
824 147 832 149
818 143 830 147
812 141 812 141
806 138 823 141
800 136 801 136
795 134 796 135
790 131 791 131
786 128 786 128
781 125 782 125
777 123 778 123
773 121 773 122
768 120 769 120
765 117 765 117
761 114 762 115
757 113 758 113
754 111 754 111
750 109 751 110
747 107 748 108
744 106 744 106
741 104 741 104
738 102 738 103
735 101 735 101
732 99 732 99
729 97 729 98
726 96 727 97
724 95 724 95
721 93 722 93
718 92 719 92
716 91 716 92
714 90 714 90
711 87 712 88
709 86 710 86
707 85 707 85
704 84 705 84
702 84 703 84
700 84 701 84
698 82 699 82
696 81 696 81
694 79 697 68
692 77 697 68
690 76 697 68
688 76 688 76
686 76 687 76
684 76 685 76
683 74 683 75
681 73 681 73
679 71 690 74
678 72 690 74
674 72 690 74
676 71 690 74
675 72 690 74
674 71 675 71
674 71 675 71
674 71 674 71
674 72 673 72
672 73 673 73
672 74 672 74
671 74 672 74
671 74 671 75
670 74 670 75
669 74 670 75
668 75 669 75
669 73 669 75
668 74 668 75
667 75 668 75
666 75 667 75
665 75 666 75
665 75 666 75
664 75 665 75
665 74 664 75
664 74 664 75
662 74 663 75
660 77 659 77
656 78 655 78
651 80 652 80
648 82 649 82
645 83 646 83
642 85 643 85
639 86 640 86
636 88 630 86
-1 -1 -1 -1
-1 -1 -1 -1
-1 -1 -1 -1
-1 -1 -1 -1
-1 -1 -1 -1
-1 -1 -1 -1
617 97 663 78
615 98 663 78
614 100 663 78
610 100 663 78
609 102 663 78
607 103 663 78
603 104 663 78
601 105 663 78
598 108 663 78
-1 -1 -1 -1
-1 -1 -1 -1
592 109 664 78
588 107 664 78
587 108 664 78
584 110 664 78
581 110 664 78
579 110 664 78
577 110 -1 -1
575 110 -1 -1
572 110 -1 -1
570 110 -1 -1
567 109 -1 -1
561 110 -1 -1
554 109 555 109
548 109 549 109
542 109 542 109
535 110 536 109
529 110 530 110
523 109 524 109
517 109 518 109
511 109 512 109
505 110 506 110
500 109 501 109
495 109 495 109
489 109 490 109
484 109 485 109
479 109 480 109
474 109 475 109
470 109 471 109
465 109 466 109
461 109 462 109
457 109 458 109
453 109 454 109
450 109 451 109
446 109 447 109
443 109 444 109
440 109 440 109
436 109 437 109
433 109 434 109
430 109 431 109
427 109 427 109
423 109 424 109
420 109 421 108
417 109 418 108
415 109 427 108
411 108 419 108
408 108 417 107
404 106 411 109
399 105 406 109
391 104 401 110
386 103 395 104
380 103 381 103
375 102 387 103
369 103 369 103
363 103 376 103
358 102 359 101
354 100 369 101
348 99 349 100
343 99 355 100
338 99 338 99
333 99 348 99
328 98 329 99
324 98 338 96
319 96 320 97
315 96 315 97
310 96 311 97
306 97 320 97
302 96 303 96
298 96 314 96
295 95 295 95
290 95 305 95
286 95 287 95
283 94 296 95
279 94 280 94
276 94 288 94
273 94 273 94
269 93 280 94
265 93 266 93
263 93 272 92
258 92 268 92
255 92 264 89
252 92 261 96
246 92 254 95
232 91 232 91
217 90 218 90
203 89 204 89
189 88 190 89
175 90 176 90
162 90 162 91
149 89 150 89
136 89 137 88
-1 -1 -1 -1
-1 -1 -1 -1
99 88 137 88
87 89 137 88
75 89 137 88
64 88 -1 -1
53 87 54 87
42 87 43 87
32 88 32 87
21 89 21 88
11 88 11 87
1 87 11 87
-1 -1 -1 -1
-1 -1 -1 -1
-1 -1 -1 -1
-1 -1 -1 -1
-1 -1 -1 -1
-1 -1 -1 -1
-1 -1 -1 -1
-1 -1 -1 -1
-1 -1 -1 -1
-1 -1 -1 -1
-1 -1 -1 -1
-1 -1 -1 -1
-1 -1 -1 -1
-1 -1 -1 -1
-1 -1 -1 -1
-1 -1 -1 -1
-1 -1 -1 -1
-1 -1 -1 -1
-1 -1 -1 -1
-1 -1 -1 -1
-1 -1 -1 -1
-1 -1 -1 -1
-1 -1 -1 -1
-1 -1 -1 -1
-1 -1 -1 -1
-1 -1 -1 -1
-1 -1 -1 -1
-1 -1 -1 -1
-1 -1 -1 -1
-1 -1 -1 -1
-1 -1 -1 -1
-1 -1 -1 -1
-1 -1 -1 -1
-1 -1 -1 -1
-1 -1 -1 -1
-1 -1 -1 -1
-1 -1 -1 -1
-1 -1 -1 -1
-1 -1 -1 -1
-1 -1 -1 -1
-1 -1 -1 -1
-1 -1 -1 -1
6 55 -1 -1
12 54 -1 -1
17 54 -1 -1
24 53 24 54
29 55 29 55
34 56 35 56
40 55 40 56
44 54 45 54
49 52 49 53
53 51 54 52
58 50 58 51
62 50 63 50
67 50 67 50
71 51 71 50
74 49 71 50
78 48 71 50
-1 -1 -1 -1
-1 -1 -1 -1
91 47 71 50
94 46 -1 -1
98 46 -1 -1
101 46 -1 -1
105 46 -1 -1
108 47 -1 -1
112 47 -1 -1
115 46 116 46
118 46 119 46
121 45 122 46
124 45 125 46
127 45 127 45
130 45 130 45
132 45 133 45
135 44 136 45
138 44 139 45
140 41 139 45
145 44 139 45
146 44 139 45
149 42 139 45
152 43 139 45
154 42 -1 -1
157 42 -1 -1
159 42 -1 -1
162 41 -1 -1
165 41 -1 -1
165 40 -1 -1
170 41 -1 -1
172 41 -1 -1
173 40 -1 -1
176 39 -1 -1
180 40 -1 -1
181 39 147 67
183 40 151 75
186 39 152 75
187 40 152 75
189 39 152 75
192 39 152 75
193 38 152 75
197 38 152 75
200 38 -1 -1
200 36 -1 -1
202 37 -1 -1
202 36 -1 -1
206 36 -1 -1
209 37 -1 -1
209 36 -1 -1
210 36 -1 -1
-1 -1 -1 -1
-1 -1 -1 -1
-1 -1 -1 -1
-1 -1 -1 -1
-1 -1 -1 -1
-1 -1 -1 -1
-1 -1 -1 -1
-1 -1 -1 -1
-1 -1 -1 -1
-1 -1 -1 -1
-1 -1 -1 -1
-1 -1 -1 -1
-1 -1 -1 -1
-1 -1 -1 -1
-1 -1 -1 -1
-1 -1 -1 -1
-1 -1 -1 -1
238 37 -1 -1
240 37 -1 -1
242 37 -1 -1
242 37 -1 -1
244 37 -1 -1
245 36 -1 -1
246 36 -1 -1
248 36 -1 -1
249 37 -1 -1
251 37 -1 -1
252 37 -1 -1
254 37 -1 -1
254 37 -1 -1
255 37 -1 -1
257 38 -1 -1
257 38 -1 -1
258 38 -1 -1
261 38 -1 -1
262 38 -1 -1
263 38 -1 -1
264 38 -1 -1
266 38 -1 -1
267 37 472 198
268 38 472 198
268 38 472 198
270 38 472 198
272 38 472 198
273 38 472 198
276 38 -1 -1
276 37 -1 -1
279 37 -1 -1
279 37 -1 -1
280 37 -1 -1
282 37 -1 -1
284 37 244 74
285 37 244 74
285 37 244 74
286 37 244 74
287 37 244 74
289 38 244 74
290 37 -1 -1
290 37 528 178
292 37 528 178
293 37 528 178
295 37 528 178
296 37 528 178
298 37 528 178
299 37 -1 -1
300 37 437 54
300 37 437 54
301 36 437 54
303 37 437 54
305 37 437 54
306 37 437 54
307 37 437 54
307 37 -1 -1
309 37 -1 -1
311 37 -1 -1
311 39 -1 -1
314 37 -1 -1
315 37 -1 -1
315 35 837 521
315 37 837 520
318 37 837 520
318 38 837 520
318 36 837 520
320 37 837 520
322 37 837 521
-1 -1 -1 -1
-1 -1 -1 -1
-1 -1 -1 -1
-1 -1 -1 -1
-1 -1 -1 -1
-1 -1 -1 -1
-1 -1 -1 -1
-1 -1 -1 -1
-1 -1 -1 -1
-1 -1 -1 -1
-1 -1 -1 -1
-1 -1 -1 -1
-1 -1 -1 -1
-1 -1 -1 -1
-1 -1 -1 -1
-1 -1 -1 -1
-1 -1 -1 -1
-1 -1 -1 -1
-1 -1 -1 -1
-1 -1 -1 -1
-1 -1 -1 -1
-1 -1 -1 -1
-1 -1 -1 -1
-1 -1 -1 -1
-1 -1 -1 -1
-1 -1 -1 -1
-1 -1 -1 -1
-1 -1 -1 -1
-1 -1 -1 -1
-1 -1 -1 -1
-1 -1 -1 -1
-1 -1 -1 -1
-1 -1 -1 -1
-1 -1 -1 -1
-1 -1 -1 -1
-1 -1 -1 -1
-1 -1 -1 -1
-1 -1 -1 -1
-1 -1 -1 -1
-1 -1 -1 -1
-1 -1 -1 -1
-1 -1 -1 -1
-1 -1 -1 -1
-1 -1 -1 -1
-1 -1 -1 -1
-1 -1 -1 -1
-1 -1 -1 -1
-1 -1 -1 -1
-1 -1 -1 -1
-1 -1 -1 -1
-1 -1 -1 -1
-1 -1 -1 -1
-1 -1 -1 -1
374 36 -1 -1
379 36 -1 -1
379 36 -1 -1
379 36 -1 -1
379 36 -1 -1
380 36 -1 -1
380 36 -1 -1
380 36 -1 -1
380 36 -1 -1
380 36 -1 -1
380 36 -1 -1
380 37 -1 -1
381 37 -1 -1
382 39 -1 -1
383 39 -1 -1
383 39 -1 -1
383 39 -1 -1
383 38 -1 -1
385 35 -1 -1
385 38 -1 -1
385 38 -1 -1
385 38 611 87
385 38 611 87
385 38 611 87
385 38 611 87
385 38 609 87
385 38 610 87
385 38 610 87
381 36 612 87
383 36 613 87
382 35 614 83
382 35 616 83
380 34 617 84
379 30 618 86
377 28 618 84
376 28 619 83
374 28 620 85
371 25 -1 -1
369 24 568 53
367 22 568 53
364 20 569 53
363 20 570 53
361 18 571 53
359 18 579 53
356 17 579 53
355 16 579 53
352 17 579 53
351 16 579 53
350 17 579 53
350 17 -1 -1
347 16 600 110
345 17 594 109
345 17 595 109
343 16 596 108
340 17 597 108
338 18 598 110
337 18 -1 -1
335 18 -1 -1
332 17 -1 -1
331 17 -1 -1
330 16 -1 -1
328 16 -1 -1
326 16 -1 -1
325 15 -1 -1
323 15 -1 -1
323 16 -1 -1
319 16 -1 -1
317 16 -1 -1
317 15 -1 -1
315 15 -1 -1
313 16 -1 -1
311 15 -1 -1
309 16 -1 -1
307 15 -1 -1
307 15 -1 -1
304 16 -1 -1
301 15 -1 -1
301 15 -1 -1
298 16 -1 -1
298 16 -1 -1
296 16 -1 -1
296 16 -1 -1
294 16 -1 -1
292 16 -1 -1
290 17 -1 -1
290 17 -1 -1
288 17 -1 -1
287 17 -1 -1
287 17 -1 -1
286 16 -1 -1
285 18 -1 -1
284 18 -1 -1
284 19 -1 -1
282 20 -1 -1
282 22 -1 -1
282 22 -1 -1
282 22 -1 -1
282 22 -1 -1
282 22 -1 -1
282 22 -1 -1
282 22 -1 -1
282 22 -1 -1
281 22 -1 -1
281 22 -1 -1
281 22 -1 -1
282 22 -1 -1
282 22 757 160
282 22 760 147
282 22 758 147
282 22 759 146
281 20 759 144
282 19 759 143
281 17 760 144
282 14 -1 -1
282 11 -1 -1
282 9 -1 -1
282 7 -1 -1
282 6 -1 -1
282 4 -1 -1
282 3 -1 -1
282 3 -1 -1
282 3 -1 -1
282 2 -1 -1
283 2 -1 -1
282 3 -1 -1
283 3 -1 -1
283 3 -1 -1
283 5 572 124
284 3 568 117
284 3 573 117
285 3 572 116
285 3 572 108
286 4 573 110
287 4 573 115
288 4 573 114
288 4 -1 -1
289 4 -1 -1
290 4 -1 -1
291 4 -1 -1
292 3 -1 -1
292 3 -1 -1
292 4 -1 -1
292 4 -1 -1
293 4 -1 -1
294 4 -1 -1
295 4 -1 -1
295 4 -1 -1
296 3 -1 -1
297 3 -1 -1
298 4 -1 -1
297 3 -1 -1
299 3 -1 -1
299 4 -1 -1
299 4 -1 -1
300 5 -1 -1
300 4 -1 -1
300 4 -1 -1
302 5 -1 -1
301 5 -1 -1
302 6 -1 -1
303 7 -1 -1
304 7 -1 -1
303 10 -1 -1
306 9 -1 -1
312 4 -1 -1
-1 -1 -1 -1
-1 -1 -1 -1
-1 -1 -1 -1
-1 -1 -1 -1
-1 -1 -1 -1
-1 -1 -1 -1
-1 -1 -1 -1
-1 -1 -1 -1
-1 -1 -1 -1
-1 -1 -1 -1
-1 -1 -1 -1
-1 -1 -1 -1
-1 -1 -1 -1
-1 -1 -1 -1
-1 -1 -1 -1
-1 -1 -1 -1
-1 -1 -1 -1
-1 -1 -1 -1
-1 -1 -1 -1
-1 -1 -1 -1
-1 -1 -1 -1
-1 -1 -1 -1
-1 -1 -1 -1
-1 -1 -1 -1
-1 -1 -1 -1
-1 -1 -1 -1
484 6 437 69
491 10 437 69
497 16 437 69
502 22 437 69
510 27 437 69
517 33 -1 -1
522 39 -1 -1
527 46 -1 -1
518 43 -1 -1
508 39 -1 -1
497 34 -1 -1
487 30 -1 -1
476 26 563 66
465 24 564 60
456 21 564 60
446 19 564 60
436 17 564 60
425 14 564 60
415 13 564 60
405 13 -1 -1
396 13 -1 -1
386 12 -1 -1
376 12 -1 -1
366 12 -1 -1
357 13 -1 -1
347 14 837 520
337 16 837 520
328 18 837 520
319 20 837 520
309 24 837 520
301 26 837 520
290 29 837 520
282 34 837 520
273 37 837 520
263 41 837 520
254 46 837 520
245 51 837 520
236 57 -1 -1
227 63 228 64
219 70 219 70
210 76 210 77
201 83 202 84
192 91 193 91
184 99 184 99
175 107 176 107
167 115 167 116
158 124 159 125
151 126 152 126
145 121 146 122
140 117 140 117
134 114 134 114
128 111 128 111
123 107 123 108
116 105 126 107
110 103 123 109
105 102 105 102
99 101 116 102
93 100 94 100
88 100 88 100
82 100 83 100
77 100 77 100
71 101 71 101
66 102 66 103
60 104 61 104
55 106 55 106
49 109 50 109
44 112 44 112
39 115 39 115
34 120 34 119
28 124 28 123
23 127 14 123
18 132 14 119
23 125 15 119
26 120 16 121
30 114 17 121
33 110 14 118
33 106 16 124
40 102 17 122
43 98 19 126
47 95 47 95
50 93 50 93
53 91 54 92
57 90 57 90
60 89 61 90
64 89 64 89
67 90 67 90
71 90 71 91
74 92 74 92
78 94 78 94
81 96 81 96
84 99 85 99
88 102 88 103
91 106 92 107
95 111 95 111
98 116 99 116
102 121 103 122
105 127 106 128
109 134 109 134
113 141 113 142
116 149 117 149
120 157 120 157
124 166 124 166
127 175 128 175
