-1 -1 35 354 0 1 0 0 0 0 0 1 300
-1 -1 27 355 0 1 0 0 0 0 0 1 301
-1 -1 18 356 0 1 0 0 0 0 0 1 302
-1 -1 10 356 0 1 0 0 0 0 0 1 303
-1 -1 10 356 0 1 0 0 0 0 0 1 304
-1 -1 10 356 0 1 0 0 0 0 0 1 305
-1 -1 10 356 0 1 0 0 0 0 0 1 306
-1 -1 10 356 0 1 0 0 0 0 0 1 307
-1 -1 10 356 0 1 0 0 0 0 0 1 308
-1 -1 -1 -1 0 1 0 0 1 0.1 0 0.9 309
-1 -1 -1 -1 0 1 0 0 1 0.181818 0 0.818182 310
-1 -1 -1 -1 0 1 0 0 1 0.25 0 0.75 311
-1 -1 -1 -1 0 1 0 0 1 0.307692 0 0.692308 312
-1 -1 676 174 0 1 0 0 1 0.285714 0 0.714286 313
-1 -1 677 174 0 1 0 0 1 0.266667 0 0.733333 314
-1 -1 677 174 0 1 0 0 1 0.25 0 0.75 315
-1 -1 678 172 0 1 0 0 1 0.235294 0 0.764706 316
-1 -1 678 174 0 1 0 0 1 0.222222 0 0.777778 317
-1 -1 678 175 0 1 0 0 1 0.210526 0 0.789474 318
-1 -1 679 176 0 1 0 0 1 0.2 0 0.8 319
-1 -1 -1 -1 0 1 0 0 1 0.238095 0 0.761905 320
-1 -1 -1 -1 0 1 0 0 1 0.272727 0 0.727273 321
-1 -1 -1 -1 0 1 0 0 1 0.304348 0 0.695652 322
-1 -1 -1 -1 0 1 0 0 1 0.333333 0 0.666667 323
-1 -1 -1 -1 0 1 0 0 1 0.36 0 0.64 324
-1 -1 -1 -1 0 1 0 0 1 0.384615 0 0.615385 325
-1 -1 -1 -1 0 1 0 0 1 0.407407 0 0.592593 326
-1 -1 -1 -1 0 1 0 0 1 0.428571 0 0.571429 327
-1 -1 -1 -1 0 1 0 0 1 0.448276 0 0.551724 328
-1 -1 -1 -1 0 1 0 0 1 0.466667 0 0.533333 329
-1 -1 -1 -1 0 1 0 0 1 0.483871 0 0.516129 330
-1 -1 -1 -1 0 1 0 0 1 0.5 0 0.5 331
-1 -1 -1 -1 0 1 0 0 1 0.515152 0 0.484848 332
-1 -1 -1 -1 0 1 0 0 1 0.529412 0 0.470588 333
-1 -1 -1 -1 0 1 0 0 1 0.542857 0 0.457143 334
-1 -1 -1 -1 0 1 0 0 1 0.555556 0 0.444444 335
-1 -1 -1 -1 0 1 0 0 1 0.567568 0 0.432432 336
-1 -1 -1 -1 0 1 0 0 1 0.578947 0 0.421053 337
-1 -1 -1 -1 0 1 0 0 1 0.589744 0 0.410256 338
-1 -1 -1 -1 0 1 0 0 1 0.6 0 0.4 339
-1 -1 -1 -1 0 1 0 0 1 0.609756 0 0.390244 340
-1 -1 -1 -1 0 1 0 0 1 0.619048 0 0.380952 341
-1 -1 -1 -1 0 1 0 0 1 0.627907 0 0.372093 342
-1 -1 -1 -1 0 1 0 0 1 0.636364 0 0.363636 343
-1 -1 -1 -1 0 1 0 0 1 0.644444 0 0.355556 344
-1 -1 -1 -1 0 1 0 0 1 0.652174 0 0.347826 345
-1 -1 -1 -1 0 1 0 0 1 0.659574 0 0.340426 346
-1 -1 -1 -1 0 1 0 0 1 0.666667 0 0.333333 347
-1 -1 -1 -1 0 1 0 0 1 0.673469 0 0.326531 348
-1 -1 -1 -1 0 1 0 0 1 0.68 0 0.32 349
-1 -1 -1 -1 0 1 0 0 1 0.686275 0 0.313725 350
-1 -1 -1 -1 0 1 0 0 1 0.692308 0 0.307692 351
-1 -1 -1 -1 0 1 0 0 1 0.698113 0 0.301887 352
-1 -1 -1 -1 0 1 0 0 1 0.703704 0 0.296296 353
-1 -1 -1 -1 0 1 0 0 1 0.709091 0 0.290909 354
-1 -1 -1 -1 0 1 0 0 1 0.714286 0 0.285714 355
-1 -1 -1 -1 0 1 0 0 1 0.719298 0 0.280702 356
-1 -1 -1 -1 0 1 0 0 1 0.724138 0 0.275862 357
-1 -1 -1 -1 0 1 0 0 1 0.728814 0 0.271186 358
-1 -1 -1 -1 0 1 0 0 1 0.733333 0 0.266667 359
-1 -1 -1 -1 0 1 0 0 1 0.737705 0 0.262295 360
-1 -1 -1 -1 0 1 0 0 1 0.741935 0 0.258065 361
-1 -1 -1 -1 0 1 0 0 1 0.746032 0 0.253968 362
-1 -1 -1 -1 0 1 0 0 1 0.75 0 0.25 363
-1 -1 -1 -1 0 1 0 0 1 0.753846 0 0.246154 364
-1 -1 -1 -1 0 1 0 0 1 0.757576 0 0.242424 365
-1 -1 -1 -1 0 1 0 0 1 0.761194 0 0.238806 366
-1 -1 -1 -1 0 1 0 0 1 0.764706 0 0.235294 367
-1 -1 -1 -1 0 1 0 0 1 0.768116 0 0.231884 368
-1 -1 -1 -1 0 1 0 0 1 0.771429 0 0.228571 369
-1 -1 -1 -1 0 1 0 0 1 0.774648 0 0.225352 370
-1 -1 -1 -1 0 1 0 0 1 0.777778 0 0.222222 371
-1 -1 -1 -1 0 1 0 0 1 0.780822 0 0.219178 372
-1 -1 -1 -1 0 1 0 0 1 0.783784 0 0.216216 373
-1 -1 -1 -1 0 1 0 0 1 0.786667 0 0.213333 374
-1 -1 -1 -1 0 1 0 0 1 0.789474 0 0.210526 375
-1 -1 -1 -1 0 1 0 0 1 0.792208 0 0.207792 376
-1 -1 -1 -1 0 1 0 0 1 0.794872 0 0.205128 377
-1 -1 -1 -1 0 1 0 0 1 0.797468 0 0.202532 378
-1 -1 -1 -1 0 1 0 0 1 0.8 0 0.2 379
-1 -1 -1 -1 0 1 0 0 1 0.802469 0 0.197531 380
-1 -1 -1 -1 0 1 0 0 1 0.804878 0 0.195122 381
-1 -1 -1 -1 0 1 0 0 1 0.807229 0 0.192771 382
-1 -1 -1 -1 0 1 0 0 1 0.809524 0 0.190476 383
-1 -1 -1 -1 0 1 0 0 1 0.811765 0 0.188235 384
-1 -1 -1 -1 0 1 0 0 1 0.813953 0 0.186047 385
-1 -1 -1 -1 0 1 0 0 1 0.816092 0 0.183908 386
-1 -1 -1 -1 0 1 0 0 1 0.818182 0 0.181818 387
-1 -1 -1 -1 0 1 0 0 1 0.820225 0 0.179775 388
-1 -1 -1 -1 0 1 0 0 1 0.822222 0 0.177778 389
-1 -1 -1 -1 0 1 0 0 1 0.824176 0 0.175824 390
-1 -1 -1 -1 0 1 0 0 1 0.826087 0 0.173913 391
-1 -1 -1 -1 0 1 0 0 1 0.827957 0 0.172043 392
-1 -1 -1 -1 0 1 0 0 1 0.829787 0 0.170213 393
-1 -1 -1 -1 0 1 0 0 1 0.831579 0 0.168421 394
-1 -1 -1 -1 0 1 0 0 1 0.833333 0 0.166667 395
-1 -1 -1 -1 0 1 0 0 1 0.835052 0 0.164948 396
-1 -1 -1 -1 0 1 0 0 1 0.836735 0 0.163265 397
-1 -1 -1 -1 0 1 0 0 1 0.838384 0 0.161616 398
-1 -1 -1 -1 0 1 0 0 1 0.84 0 0.16 399
-1 -1 -1 -1 0 1 0 0 1 0.841584 0 0.158416 400
-1 -1 -1 -1 0 1 0 0 1 0.843137 0 0.156863 401
-1 -1 -1 -1 0 1 0 0 1 0.84466 0 0.15534 402
-1 -1 -1 -1 0 1 0 0 1 0.846154 0 0.153846 403
-1 -1 -1 -1 0 1 0 0 1 0.847619 0 0.152381 404
-1 -1 -1 -1 0 1 0 0 1 0.849057 0 0.150943 405
-1 -1 -1 -1 0 1 0 0 1 0.850467 0 0.149533 406
