-1 -1 190 97 0 1 0 0 0 0 0 1 300
-1 -1 185 97 0 1 0 0 0 0 0 1 301
-1 -1 181 96 0 1 0 0 0 0 0 1 302
-1 -1 176 95 0 1 0 0 0 0 0 1 303
-1 -1 172 95 0 1 0 0 0 0 0 1 304
-1 -1 168 95 0 1 0 0 0 0 0 1 305
-1 -1 164 94 0 1 0 0 0 0 0 1 306
-1 -1 160 93 0 1 0 0 0 0 0 1 307
-1 -1 157 93 0 1 0 0 0 0 0 1 308
-1 -1 153 93 0 1 0 0 0 0 0 1 309
-1 -1 150 93 0 1 0 0 0 0 0 1 310
-1 -1 146 93 0 1 0 0 0 0 0 1 311
-1 -1 143 92 0 1 0 0 0 0 0 1 312
-1 -1 140 92 0 1 0 0 0 0 0 1 313
-1 -1 137 92 0 1 0 0 0 0 0 1 314
-1 -1 134 91 0 1 0 0 0 0 0 1 315
-1 -1 131 90 0 1 0 0 0 0 0 1 316
-1 -1 128 90 0 1 0 0 0 0 0 1 317
-1 -1 125 90 0 1 0 0 0 0 0 1 318
-1 -1 122 90 0 1 0 0 0 0 0 1 319
-1 -1 119 89 0 1 0 0 0 0 0 1 320
-1 -1 117 89 0 1 0 0 0 0 0 1 321
-1 -1 114 89 0 1 0 0 0 0 0 1 322
-1 -1 111 88 0 1 0 0 0 0 0 1 323
-1 -1 108 88 0 1 0 0 0 0 0 1 324
-1 -1 106 88 0 1 0 0 0 0 0 1 325
-1 -1 103 87 0 1 0 0 0 0 0 1 326
-1 -1 117 87 0 1 0 0 0 0 0 1 327
-1 -1 111 87 0 1 0 0 0 0 0 1 328
-1 -1 107 86 0 1 0 0 0 0 0 1 329
-1 -1 104 85 0 1 0 0 0 0 0 1 330
-1 -1 100 85 0 1 0 0 0 0 0 1 331
-1 -1 96 85 0 1 0 0 0 0 0 1 332
-1 -1 92 84 0 1 0 0 0 0 0 1 333
-1 -1 86 84 0 1 0 0 0 0 0 1 334
-1 -1 62 83 0 1 0 0 0 0 0 1 335
-1 -1 76 83 0 1 0 0 0 0 0 1 336
-1 -1 47 84 0 1 0 0 0 0 0 1 337
-1 -1 40 84 0 1 0 0 0 0 0 1 338
-1 -1 33 83 0 1 0 0 0 0 0 1 339
-1 -1 27 83 0 1 0 0 0 0 0 1 340
-1 -1 20 83 0 1 0 0 0 0 0 1 341
-1 -1 14 83 0 1 0 0 0 0 0 1 342
-1 -1 14 83 0 1 0 0 0 0 0 1 343
-1 -1 14 83 0 1 0 0 0 0 0 1 344
-1 -1 14 83 0 1 0 0 0 0 0 1 345
-1 -1 14 83 0 1 0 0 0 0 0 1 346
-1 -1 14 83 0 1 0 0 0 0 0 1 347
-1 -1 -1 -1 0 1 0 0 1 0.0204082 0 0.979592 348
-1 -1 -1 -1 0 1 0 0 1 0.04 0 0.96 349
-1 -1 -1 -1 0 1 0 0 1 0.0588235 0 0.941176 350
-1 -1 -1 -1 0 1 0 0 1 0.0769231 0 0.923077 351
-1 -1 -1 -1 0 1 0 0 1 0.0943396 0 0.90566 352
-1 -1 -1 -1 0 1 0 0 1 0.111111 0 0.888889 353
-1 -1 -1 -1 0 1 0 0 1 0.127273 0 0.872727 354
-1 -1 -1 -1 0 1 0 0 1 0.142857 0 0.857143 355
-1 -1 -16 72 0 1 0 0 1 0.140351 0 0.859649 356
-1 -1 -16 72 0 1 0 0 1 0.137931 0 0.862069 357
-1 -1 -16 72 0 1 0 0 1 0.135593 0 0.864407 358
-1 -1 -16 72 0 1 0 0 1 0.133333 0 0.866667 359
-1 -1 -16 72 0 1 0 0 1 0.131148 0 0.868852 360
-1 -1 -16 72 0 1 0 0 1 0.129032 0 0.870968 361
-1 -1 -1 -1 0 1 0 0 1 0.142857 0 0.857143 362
-1 -1 -1 -1 0 1 0 0 1 0.15625 0 0.84375 363
-1 -1 -1 -1 0 1 0 0 1 0.169231 0 0.830769 364
-1 -1 -1 -1 0 1 0 0 1 0.181818 0 0.818182 365
-1 -1 -1 -1 0 1 0 0 1 0.19403 0 0.80597 366
-1 -1 -1 -1 0 1 0 0 1 0.205882 0 0.794118 367
-1 -1 -1 -1 0 1 0 0 1 0.217391 0 0.782609 368
-1 -1 -1 -1 0 1 0 0 1 0.228571 0 0.771429 369
-1 -1 -1 -1 0 1 0 0 1 0.239437 0 0.760563 370
-1 -1 -1 -1 0 1 0 0 1 0.25 0 0.75 371
-1 -1 -1 -1 0 1 0 0 1 0.260274 0 0.739726 372
-1 -1 -1 -1 0 1 0 0 1 0.27027 0 0.72973 373
-1 -1 -1 -1 0 1 0 0 1 0.28 0 0.72 374
-1 -1 -1 -1 0 1 0 0 1 0.289474 0 0.710526 375
-1 -1 -1 -1 0 1 0 0 1 0.298701 0 0.701299 376
-1 -1 -1 -1 0 1 0 0 1 0.307692 0 0.692308 377
-1 -1 -1 -1 0 1 0 0 1 0.316456 0 0.683544 378
-1 -1 -1 -1 0 1 0 0 1 0.325 0 0.675 379
-1 -1 -1 -1 0 1 0 0 1 0.333333 0 0.666667 380
-1 -1 -1 -1 0 1 0 0 1 0.341463 0 0.658537 381
-1 -1 -1 -1 0 1 0 0 1 0.349398 0 0.650602 382
-1 -1 -1 -1 0 1 0 0 1 0.357143 0 0.642857 383
-1 -1 -1 -1 0 1 0 0 1 0.364706 0 0.635294 384
-1 -1 -1 -1 0 1 0 0 1 0.372093 0 0.627907 385
-1 -1 -1 -1 0 1 0 0 1 0.37931 0 0.62069 386
-1 -1 -1 -1 0 1 0 0 1 0.386364 0 0.613636 387
-1 -1 -1 -1 0 1 0 0 1 0.393258 0 0.606742 388
-1 -1 -1 -1 0 1 0 0 1 0.4 0 0.6 389
-1 -1 -1 -1 0 1 0 0 1 0.406593 0 0.593407 390
-1 -1 -1 -1 0 1 0 0 1 0.413043 0 0.586957 391
-1 -1 -1 -1 0 1 0 0 1 0.419355 0 0.580645 392
-1 -1 -1 -1 0 1 0 0 1 0.425532 0 0.574468 393
-1 -1 -1 -1 0 1 0 0 1 0.431579 0 0.568421 394
-1 -1 -1 -1 0 1 0 0 1 0.4375 0 0.5625 395
-1 -1 -1 -1 0 1 0 0 1 0.443299 0 0.556701 396
-1 -1 -1 -1 0 1 0 0 1 0.44898 0 0.55102 397
-1 -1 -1 -1 0 1 0 0 1 0.454545 0 0.545455 398
-1 -1 -1 -1 0 1 0 0 1 0.46 0 0.54 399
-1 -1 -1 -1 0 1 0 0 1 0.465347 0 0.534653 400
-1 -1 -1 -1 0 1 0 0 1 0.470588 0 0.529412 401
-1 -1 -1 -1 0 1 0 0 1 0.475728 0 0.524272 402
-1 -1 -1 -1 0 1 0 0 1 0.480769 0 0.519231 403
-1 -1 -1 -1 0 1 0 0 1 0.485714 0 0.514286 404
-1 -1 -1 -1 0 1 0 0 1 0.490566 0 0.509434 405
-1 -1 -1 -1 0 1 0 0 1 0.495327 0 0.504673 406
