-1 -1 -1 -1 0 0 0 0 1 1 0 0 300
-1 -1 -1 -1 0 0 0 0 1 1 0 0 301
-1 -1 -1 -1 0 0 0 0 1 1 0 0 302
-1 -1 -1 -1 0 0 0 0 1 1 0 0 303
-1 -1 -1 -1 0 0 0 0 1 1 0 0 304
-1 -1 228 143 0 1 0 0 1 0.833333 0 0.166667 305
-1 -1 228 142 0 1 0 0 1 0.714286 0 0.285714 306
-1 -1 226 141 0 1 0 0 1 0.625 0 0.375 307
-1 -1 213 138 0 1 0 0 1 0.555556 0 0.444444 308
-1 -1 211 148 0 1 0 0 1 0.5 0 0.5 309
-1 -1 211 148 0 1 0 0 1 0.454545 0 0.545455 310
-1 -1 211 148 0 1 0 0 1 0.416667 0 0.583333 311
-1 -1 211 148 0 1 0 0 1 0.384615 0 0.615385 312
-1 -1 211 148 0 1 0 0 1 0.357143 0 0.642857 313
-1 -1 211 148 0 1 0 0 1 0.333333 0 0.666667 314
-1 -1 211 148 0 1 0 0 1 0.3125 0 0.6875 315
-1 -1 -1 -1 0 1 0 0 1 0.352941 0 0.647059 316
-1 -1 -1 -1 0 1 0 0 1 0.388889 0 0.611111 317
-1 -1 -1 -1 0 1 0 0 1 0.421053 0 0.578947 318
-1 -1 -1 -1 0 1 0 0 1 0.45 0 0.55 319
-1 -1 -1 -1 0 1 0 0 1 0.47619 0 0.52381 320
-1 -1 -1 -1 0 1 0 0 1 0.5 0 0.5 321
-1 -1 -1 -1 0 1 0 0 1 0.521739 0 0.478261 322
-1 -1 -1 -1 0 1 0 0 1 0.541667 0 0.458333 323
-1 -1 -1 -1 0 1 0 0 1 0.56 0 0.44 324
-1 -1 -1 -1 0 1 0 0 1 0.576923 0 0.423077 325
-1 -1 -1 -1 0 1 0 0 1 0.592593 0 0.407407 326
-1 -1 -1 -1 0 1 0 0 1 0.607143 0 0.392857 327
-1 -1 -1 -1 0 1 0 0 1 0.62069 0 0.37931 328
-1 -1 -1 -1 0 1 0 0 1 0.633333 0 0.366667 329
-1 -1 -1 -1 0 1 0 0 1 0.645161 0 0.354839 330
-1 -1 -1 -1 0 1 0 0 1 0.65625 0 0.34375 331
-1 -1 -1 -1 0 1 0 0 1 0.666667 0 0.333333 332
-1 -1 159 157 0 1 0 0 1 0.647059 0 0.352941 333
-1 -1 155 157 0 1 0 0 1 0.628571 0 0.371429 334
-1 -1 155 157 0 1 0 0 1 0.611111 0 0.388889 335
-1 -1 155 157 0 1 0 0 1 0.594595 0 0.405405 336
-1 -1 155 157 0 1 0 0 1 0.578947 0 0.421053 337
-1 -1 155 157 0 1 0 0 1 0.564103 0 0.435897 338
-1 -1 155 157 0 1 0 0 1 0.55 0 0.45 339
-1 -1 155 157 0 1 0 0 1 0.536585 0 0.463415 340
-1 -1 -1 -1 0 1 0 0 1 0.547619 0 0.452381 341
-1 -1 -1 -1 0 1 0 0 1 0.55814 0 0.44186 342
-1 -1 -1 -1 0 1 0 0 1 0.568182 0 0.431818 343
-1 -1 -1 -1 0 1 0 0 1 0.577778 0 0.422222 344
-1 -1 -1 -1 0 1 0 0 1 0.586957 0 0.413043 345
-1 -1 -1 -1 0 1 0 0 1 0.595745 0 0.404255 346
-1 -1 933 393 0 1 0 0 1 0.583333 0 0.416667 347
-1 -1 924 393 0 1 0 0 1 0.571429 0 0.428571 348
-1 -1 916 394 0 1 0 0 1 0.56 0 0.44 349
-1 -1 908 394 0 1 0 0 1 0.54902 0 0.45098 350
-1 -1 900 394 0 1 0 0 1 0.538462 0 0.461538 351
-1 -1 892 395 0 1 0 0 1 0.528302 0 0.471698 352
-1 -1 885 395 0 1 0 0 1 0.518519 0 0.481481 353
-1 -1 877 395 0 1 0 0 1 0.509091 0 0.490909 354
-1 -1 870 396 0 1 0 0 1 0.5 0 0.5 355
-1 -1 862 396 0 1 0 0 1 0.491228 0 0.508772 356
-1 -1 855 396 0 1 0 0 1 0.482759 0 0.517241 357
847 397 848 396 1 0.967742 1 0.0322581 1 0.482759 0 0.517241 358
840 397 840 397 1 0.9375 1 0.0625 1 0.482759 0 0.517241 359
833 398 833 397 1 0.909091 1 0.0909091 1 0.482759 0 0.517241 360
826 398 826 397 1 0.882353 1 0.117647 1 0.482759 0 0.517241 361
819 399 819 398 1 0.857143 1 0.142857 1 0.482759 0 0.517241 362
813 399 813 399 1 0.833333 1 0.166667 1 0.482759 0 0.517241 363
806 400 806 399 1 0.810811 1 0.189189 1 0.482759 0 0.517241 364
799 400 799 399 1 0.789474 1 0.210526 1 0.482759 0 0.517241 365
793 400 793 400 1 0.769231 1 0.230769 1 0.482759 0 0.517241 366
787 401 786 400 1 0.75 1 0.25 1 0.482759 0 0.517241 367
780 401 780 401 1 0.731707 1 0.268293 1 0.482759 0 0.517241 368
774 401 773 401 1 0.714286 1 0.285714 1 0.482759 0 0.517241 369
767 402 767 401 1 0.697674 1 0.302326 1 0.482759 0 0.517241 370
761 402 787 401 0.928571 0.697674 0.928571 0.302326 0.965517 0.482759 0.0714286 0.517241 371
754 403 754 402 0.933333 0.681818 0.933333 0.318182 0.965517 0.482759 0.0666667 0.517241 372
748 404 748 403 0.9375 0.666667 0.9375 0.333333 0.965517 0.482759 0.0625 0.517241 373
-1 -1 763 403 0.9375 0.673913 0.9375 0.326087 0.965517 0.474576 0.0625 0.525424 374
-1 -1 755 403 0.9375 0.680851 0.9375 0.319149 0.965517 0.466667 0.0625 0.533333 375
-1 -1 747 403 0.9375 0.6875 0.9375 0.3125 0.965517 0.459016 0.0625 0.540984 376
-1 -1 738 404 0.9375 0.693878 0.9375 0.306122 0.965517 0.451613 0.0625 0.548387 377
-1 -1 730 404 0.9375 0.7 0.9375 0.3 0.965517 0.444444 0.0625 0.555556 378
-1 -1 718 406 0.9375 0.705882 0.9375 0.294118 0.965517 0.4375 0.0625 0.5625 379
-1 -1 706 405 0.9375 0.711538 0.9375 0.288462 0.965517 0.430769 0.0625 0.569231 380
664 386 664 386 0.941176 0.698113 0.941176 0.301887 0.965517 0.430769 0.0588235 0.569231 381
633 373 633 373 0.944444 0.685185 0.944444 0.314815 0.965517 0.430769 0.0555556 0.569231 382
602 361 602 361 0.947368 0.672727 0.947368 0.327273 0.965517 0.430769 0.0526316 0.569231 383
572 350 572 350 0.95 0.660714 0.95 0.339286 0.965517 0.430769 0.05 0.569231 384
-1 -1 540 339 0.95 0.666667 0.95 0.333333 0.965517 0.424242 0.05 0.575758 385
511 328 552 339 0.904762 0.666667 0.904762 0.333333 0.933333 0.424242 0.0952381 0.575758 386
-1 -1 481 319 0.904762 0.672414 0.904762 0.327586 0.933333 0.41791 0.0952381 0.58209 387
453 309 453 310 0.909091 0.661017 0.909091 0.338983 0.933333 0.41791 0.0909091 0.58209 388
424 300 424 301 0.913043 0.65 0.913043 0.35 0.933333 0.41791 0.0869565 0.58209 389
396 292 396 292 0.916667 0.639344 0.916667 0.360656 0.933333 0.41791 0.0833333 0.58209 390
368 283 368 284 0.92 0.629032 0.92 0.370968 0.933333 0.41791 0.08 0.58209 391
340 275 340 276 0.923077 0.619048 0.923077 0.380952 0.933333 0.41791 0.0769231 0.58209 392
313 268 313 268 0.925926 0.609375 0.925926 0.390625 0.933333 0.41791 0.0740741 0.58209 393
286 261 286 261 0.928571 0.6 0.928571 0.4 0.933333 0.41791 0.0714286 0.58209 394
260 255 259 255 0.931034 0.590909 0.931034 0.409091 0.933333 0.41791 0.0689655 0.58209 395
233 249 233 249 0.933333 0.58209 0.933333 0.41791 0.933333 0.41791 0.0666667 0.58209 396
206 244 206 244 0.935484 0.573529 0.935484 0.426471 0.933333 0.41791 0.0645161 0.58209 397
179 239 180 239 0.9375 0.565217 0.9375 0.434783 0.933333 0.41791 0.0625 0.58209 398
154 236 154 235 0.939394 0.557143 0.939394 0.442857 0.933333 0.41791 0.0606061 0.58209 399
128 231 128 231 0.941176 0.549296 0.941176 0.450704 0.933333 0.41791 0.0588235 0.58209 400
102 226 103 227 0.942857 0.541667 0.942857 0.458333 0.933333 0.41791 0.0571429 0.58209 401
77 223 77 224 0.944444 0.534247 0.944444 0.465753 0.933333 0.41791 0.0555556 0.58209 402
52 220 52 221 0.945946 0.527027 0.945946 0.472973 0.933333 0.41791 0.0540541 0.58209 403
26 219 27 218 0.947368 0.52 0.947368 0.48 0.933333 0.41791 0.0526316 0.58209 404
5 215 27 218 0.923077 0.52 0.923077 0.48 0.903226 0.41791 0.0769231 0.58209 405
254 388 27 218 0.9 0.52 0.9 0.48 0.875 0.41791 0.1 0.58209 406
-1 -1 27 218 0.9 0.526316 0.9 0.473684 0.875 0.411765 0.1 0.588235 407
